0.005
0.007
0.008
0.010
0.009
0.019
0.011
0.012
0.013
0.017
0.056
0.083
0.070
0.079
0.063
0.077
0.080
0.107
0.095
0.033
0.068
0.070
0.085
0.087
0.090
0.089
0.094
0.082
0.112
0.065
0.079
0.125
0.112
0.126
0.119
0.111
0.137
0.126
0.105
0.078
0.093
0.122
0.108
0.111
0.096
0.099
0.151
0.101
0.118
0.075
0.098
0.117
0.114
0.115
0.096
0.135
0.125
0.141
0.159
0.112
0.149
0.139
0.146
0.132
0.185
0.173
0.111
0.139
0.151
0.116
0.163
0.132
0.155
0.198
0.148
0.192
0.119
0.152
0.176
0.211
0.150
0.183
0.191
0.121
0.115
0.106
0.108
0.105
0.101
0.106
0.138
0.111
0.104
0.115
0.110
0.111
0.118
0.110
0.120
0.117
